[gd_scene load_steps=15 format=3 uid="uid://dfxqgwgng77rm"]

[ext_resource type="Script" uid="uid://n4ubedintyk7" path="res://Scripts/player_controller.gd" id="1_j8lsp"]
[ext_resource type="PackedScene" uid="uid://devlho18yfe5f" path="res://Prefabs/satellite2.tscn" id="2_mt41p"]
[ext_resource type="PackedScene" uid="uid://bafbg1yxv78yb" path="res://Prefabs/fire_test.tscn" id="3_axey2"]
[ext_resource type="PackedScene" uid="uid://dxgbomo353pn0" path="res://Prefabs/air_brake.tscn" id="4_yr3sb"]
[ext_resource type="Script" uid="uid://cxfm2f2jarlap" path="res://Scripts/data_signal_manager.gd" id="5_c45gv"]
[ext_resource type="PackedScene" uid="uid://bp76drh7s2iu6" path="res://Prefabs/wifisignal.tscn" id="5_s3ulf"]
[ext_resource type="PackedScene" uid="uid://dhcw325pcwcy3" path="res://Prefabs/stage_2_fire_test.tscn" id="7_wjdwm"]

[sub_resource type="PhysicsMaterial" id="PhysicsMaterial_j8lsp"]
bounce = 0.1

[sub_resource type="CapsuleShape3D" id="CapsuleShape3D_mt41p"]
radius = 0.30322266
height = 1.1159668

[sub_resource type="BoxShape3D" id="BoxShape3D_mt41p"]
size = Vector3(0.6455078, 0.22766113, 0.69433594)

[sub_resource type="BoxShape3D" id="BoxShape3D_j8lsp"]
size = Vector3(0.08569336, 0.0900116, 0.15014648)

[sub_resource type="SphereShape3D" id="SphereShape3D_mt41p"]
radius = 0.25191817

[sub_resource type="SphereShape3D" id="SphereShape3D_axey2"]
radius = 3.4798822

[sub_resource type="AudioStreamPolyphonic" id="AudioStreamPolyphonic_wjdwm"]

[node name="Player3D" type="RigidBody3D"]
axis_lock_linear_z = true
axis_lock_angular_x = true
axis_lock_angular_y = true
mass = 6.0
physics_material_override = SubResource("PhysicsMaterial_j8lsp")
gravity_scale = 0.0
can_sleep = false
contact_monitor = true
max_contacts_reported = 10
angular_damp = 3.0
script = ExtResource("1_j8lsp")

[node name="sat1" parent="." instance=ExtResource("2_mt41p")]
transform = Transform3D(-4.371139e-08, 1, 0, -1, -4.371139e-08, 0, 0, 0, 1, 0, 0, 0)

[node name="CollisionPolygon3D" type="CollisionShape3D" parent="."]
transform = Transform3D(1, 0, 0, 0, 1, 0, 0, 0, 1, 0.024383545, 0.14086914, 0)
shape = SubResource("CapsuleShape3D_mt41p")

[node name="CollisionPolygon3D2" type="CollisionShape3D" parent="."]
transform = Transform3D(1, 0, 0, 0, 1, 0, 0, 0, 1, 0.024383545, -0.41304347, 0)
shape = SubResource("BoxShape3D_mt41p")

[node name="refuel_prob" type="Area3D" parent="."]

[node name="CollisionShape3D" type="CollisionShape3D" parent="refuel_prob"]
transform = Transform3D(1, 0, 0, 0, 1, 0, 0, 0, 1, 0, -0.52754974, 0)
shape = SubResource("BoxShape3D_j8lsp")

[node name="sample_probe" type="Area3D" parent="."]
transform = Transform3D(1, 0, 0, 0, 1, 0, 0, 0, 1, 0, 0.57402503, 0)
collision_layer = 2
collision_mask = 2

[node name="CollisionShape3D" type="CollisionShape3D" parent="sample_probe"]
transform = Transform3D(1, 0, 0, 0, 1, 0, 0, 0, 1, 0, -0.11954975, 0)
shape = SubResource("SphereShape3D_mt41p")

[node name="sample_range" type="Area3D" parent="."]
collision_layer = 2
collision_mask = 2

[node name="CollisionShape3D" type="CollisionShape3D" parent="sample_range"]
shape = SubResource("SphereShape3D_axey2")

[node name="Fire" parent="." instance=ExtResource("3_axey2")]
transform = Transform3D(1, 0, 0, 0, 1, 0, 0, 0, 1, 0, -0.7241244, 0)

[node name="Air_brakes" type="Node3D" parent="."]

[node name="airbrake" parent="Air_brakes" instance=ExtResource("4_yr3sb")]
transform = Transform3D(-4.371139e-08, -0.9659258, 0.25881907, 0, 0.25881907, 0.9659258, -1, 4.222196e-08, -1.1313341e-08, 0.38098824, -0.12472844, 0)

[node name="airbrake2" parent="Air_brakes" instance=ExtResource("4_yr3sb")]
transform = Transform3D(-4.371139e-08, 0.96592575, 0.25881904, 0, 0.25881904, -0.96592575, -1, -4.2221956e-08, -1.13133405e-08, -0.41251862, -0.12472844, 0)

[node name="airbrake3" parent="Air_brakes" instance=ExtResource("4_yr3sb")]
transform = Transform3D(-4.371139e-08, -0.9659258, 0.25881907, 0, 0.25881907, 0.9659258, -1, 4.222196e-08, -1.1313341e-08, 0.303078, 0.57273555, 0)

[node name="airbrake4" parent="Air_brakes" instance=ExtResource("4_yr3sb")]
transform = Transform3D(-4.371139e-08, 0.96592575, 0.25881904, 0, 0.25881904, -0.96592575, -1, -4.2221956e-08, -1.13133405e-08, -0.25615156, 0.57273555, 0)

[node name="Data signal" type="Node3D" parent="."]
script = ExtResource("5_c45gv")

[node name="wifisigfull" parent="Data signal" instance=ExtResource("5_s3ulf")]
transform = Transform3D(0.17421363, -4.293877e-09, -0.09823244, -0.09823244, -7.61512e-09, -0.17421363, 0, 0.2, -8.742278e-09, 0.5860658, 0.28171045, 0)

[node name="wifisigfull2" parent="Data signal" instance=ExtResource("5_s3ulf")]
transform = Transform3D(0.0115128085, -8.239037e-09, 0.19966836, 0.19966836, 8.727781e-09, -0.0115128085, -8.239037e-09, 0.2, 8.727781e-09, -0.5828179, 0.28171045, 0)

[node name="Fire2" parent="." instance=ExtResource("7_wjdwm")]
transform = Transform3D(1, 0, 0, 0, 1, 0, 0, 0, 1, 0, -0.7241244, 0)

[node name="SFX" type="AudioStreamPlayer" parent="."]
stream = SubResource("AudioStreamPolyphonic_wjdwm")
max_polyphony = 6
bus = &"SFX"
